$ 16 0.000005 15.472767971186109 40 5 50
R -1904 -944 -1968 -944 0 0 40 5 0 0 0.5
s -1760 -944 -1760 -784 0 0 false
s -1904 -944 -1904 -784 0 0 false
s -1856 -944 -1856 -784 0 0 false
s -1808 -944 -1808 -784 0 0 false
x -1917 -957 -1901 -954 4 24 A
x -1862 -956 -1846 -953 4 24 B
x -1818 -956 -1802 -953 4 24 C
x -1771 -957 -1753 -954 4 24 D
w -1904 -944 -1856 -944 0
w -1856 -944 -1808 -944 0
w -1808 -944 -1760 -944 0
154 -1392 -208 -1296 -208 0 2 0 5
154 -1392 -144 -1296 -144 0 2 0 5
w -1904 -224 -1392 -224 0
w -1632 -192 -1392 -192 0
w -1856 -160 -1392 -160 0
w -1584 -128 -1392 -128 0
w -1856 -784 -1856 -656 0
w -1808 -784 -1808 -624 0
w -1760 -784 -1760 -592 0
I -1296 -208 -1200 -208 0 0.5 5
I -1296 -144 -1200 -144 0 0.5 5
150 -1168 -112 -1072 -112 0 4 5 5
w -1904 -784 -1904 -688 0
x -1945 -990 -1732 -987 4 24 ID\sCONFIGURADO
x -1653 -991 -1400 -988 4 24 ONIBUS\sQUE\sPASSAR
w -1584 -944 -1536 -944 0
w -1632 -944 -1584 -944 0
x -1542 -957 -1526 -954 4 24 C
x -1589 -956 -1573 -953 4 24 B
x -1633 -956 -1617 -953 4 24 A
s -1584 -944 -1584 -784 0 0 false
s -1632 -944 -1632 -784 0 0 false
s -1536 -944 -1536 -784 0 0 false
s -1488 -944 -1488 -784 0 0 false
x -1494 -957 -1476 -954 4 24 D
w -1536 -944 -1488 -944 0
w -1632 -784 -1632 -192 0
w -1488 -784 -1488 0 0
w -1536 -784 -1536 -64 0
w -1584 -784 -1584 -128 0
154 -1392 -16 -1296 -16 0 2 0 5
154 -1392 -80 -1296 -80 0 2 0 5
I -1296 -16 -1200 -16 0 0.5 5
I -1296 -80 -1200 -80 0 0.5 5
w -1200 -208 -1168 -144 0
w -1200 -144 -1168 -128 0
w -1168 -96 -1200 -80 0
w -1168 -80 -1200 -16 0
w -1392 -96 -1808 -96 0
w -1536 -64 -1392 -64 0
w -1392 -32 -1760 -32 0
w -1392 0 -1488 0 0
x -559 -1113 -297 -1110 4 24 TIMER\sCONFIGURADO
w -1904 -688 -1904 -224 0
w -1856 -656 -1856 -160 0
w -1808 -624 -1808 -96 0
w -1760 -592 -1760 -32 0
197 -496 -848 -480 -848 0
w -544 -816 -496 -816 0
w -544 -784 -496 -784 0
w -544 -752 -496 -752 0
w -368 -848 -288 -848 0
w -368 -816 -288 -816 0
w -368 -784 -288 -784 0
w -368 -752 -288 -752 0
w -368 -720 -224 -720 0
w -368 -688 -192 -688 0
w -192 -720 -192 -688 0
w -160 -720 -160 -656 0
w -160 -656 -368 -656 0
w -544 -848 -496 -848 0
157 -160 -848 -16 -848 1024 7 0 0
197 64 -848 80 -848 1024
w 0 -848 64 -848 0
w 0 -816 64 -816 0
w 0 -784 64 -784 0
w 0 -752 64 -752 0
w -64 -720 64 -720 0
w -96 -720 -96 -688 0
w 64 -688 -96 -688 0
w -128 -656 64 -656 0
w -128 -656 -128 -720 0
164 304 -848 464 -848 1028 4 0 0 0 0 false 10
w 192 -848 224 -848 0
w 192 -816 240 -816 0
w 192 -784 272 -784 0
w 192 -752 256 -752 0
R 400 -848 496 -848 1 2 200 2.5 2.5 0 0.5
w 400 -752 400 -592 0
w -1072 -112 -768 -112 0
w -768 -592 400 -592 0
R -1488 -944 -1424 -944 0 0 40 5 0 0 0.5
157 -288 -848 -240 -848 0 7 0 0
w 224 -848 224 -912 0
w 256 -752 256 -912 0
w 224 -848 304 -848 0
L 400 -784 480 -784 0 1 false 5 0
w 256 -752 304 -752 0
164 -464 -1072 -304 -1072 1028 4 0 0 0 0 false 3
L -368 -1008 -304 -1008 0 1 false 5 0
w 240 -1008 -368 -1072 0
w -464 -1072 -544 -1072 0
w -544 -1072 -544 -848 0
w -544 -752 -640 -752 0
w -640 -976 -464 -976 0
w -464 -1008 -608 -1008 0
w -608 -784 -544 -784 0
w -464 -1040 -576 -1040 0
w -576 -816 -544 -816 0
150 240 -912 240 -1008 0 2 0 5
w -768 -112 -768 -592 0
w 224 -848 224 -496 0
w 240 -816 240 -480 0
w 272 -784 272 -448 0
w 272 -784 304 -784 0
w 240 -816 304 -816 0
w -608 -784 -608 -464 0
w -576 -816 -576 -480 0
w -544 -848 -544 -496 0
w -208 -448 -640 -448 0
w -80 -448 272 -448 0
w -96 -448 -96 -464 0
w -96 -464 256 -464 0
w -112 -448 -112 -480 0
w -112 -480 240 -480 0
w -128 -448 -128 -496 0
w -128 -496 224 -496 0
w -192 -448 -192 -464 0
w -192 -464 -608 -464 0
w -176 -448 -176 -480 0
w -176 -480 -576 -480 0
w -160 -448 -160 -496 0
w -160 -496 -544 -496 0
w -144 -304 -144 -112 0
153 -144 -448 -144 -304 0 8 5 5
x -104 -208 26 -205 4 24 ATRASADO
w -640 -752 -640 -448 0
w -768 -592 -768 -912 0
w -768 -912 -368 -912 0
w -368 -912 -368 -976 0
w -640 -752 -640 -976 0
w -608 -1008 -608 -784 0
w -576 -1040 -576 -816 0
w 256 -752 256 -464 0
