$ 0 0.000005 1.0312258501325766 50 5 50
R -1760 -1168 -1824 -1168 0 0 40 5 0 0 0.5
s -1616 -1168 -1616 -1008 0 0 false
s -1760 -1168 -1760 -1008 0 0 false
s -1712 -1168 -1712 -1008 0 0 false
s -1664 -1168 -1664 -1008 0 1 false
x -1768 -1181 -1752 -1178 4 24 A
x -1713 -1180 -1697 -1177 4 24 B
x -1669 -1180 -1653 -1177 4 24 C
x -1622 -1181 -1604 -1178 4 24 D
w -1760 -1168 -1712 -1168 0
w -1712 -1168 -1664 -1168 0
w -1664 -1168 -1616 -1168 0
154 -1328 -432 -1232 -432 0 2 0 5
154 -1328 -368 -1232 -368 0 2 0 5
w -1760 -448 -1328 -448 0
w -1568 -416 -1328 -416 0
w -1712 -384 -1328 -384 0
w -1520 -352 -1328 -352 0
w -1712 -1008 -1712 -384 0
w -1664 -1008 -1664 -320 0
w -1008 -336 -896 -336 0
w -1616 -1008 -1616 -256 0
I -1232 -432 -1136 -432 0 0.5 5
I -1232 -368 -1136 -368 0 0.5 5
150 -1104 -336 -1008 -336 0 4 5 5
w -1760 -1008 -1760 -448 0
x -1814 -1219 -1601 -1216 4 24 ID\sCONFIGURADO
x -1567 -1217 -1314 -1214 4 24 ONIBUS\sQUE\sPASSAR
w -1520 -1168 -1472 -1168 0
w -1568 -1168 -1520 -1168 0
w -1616 -1168 -1568 -1168 0
x -1478 -1181 -1460 -1178 4 24 G
x -1525 -1180 -1512 -1177 4 24 F
x -1569 -1180 -1554 -1177 4 24 E
s -1520 -1168 -1520 -1008 0 0 false
s -1568 -1168 -1568 -1008 0 0 false
s -1472 -1168 -1472 -1008 0 1 false
s -1424 -1168 -1424 -1008 0 0 false
x -1430 -1181 -1412 -1178 4 24 H
w -1472 -1168 -1424 -1168 0
w -1568 -1008 -1568 -416 0
w -1424 -1008 -1424 -224 0
w -1472 -1008 -1472 -288 0
w -1520 -1008 -1520 -352 0
154 -1328 -240 -1232 -240 0 2 0 5
154 -1328 -304 -1232 -304 0 2 0 5
I -1232 -240 -1136 -240 0 0.5 5
I -1232 -304 -1136 -304 0 0.5 5
w -1136 -432 -1104 -368 0
w -1136 -368 -1104 -352 0
w -1104 -320 -1136 -304 0
w -1104 -304 -1136 -240 0
w -1328 -320 -1664 -320 0
w -1472 -288 -1328 -288 0
w -1328 -256 -1616 -256 0
w -1328 -224 -1424 -224 0
R -672 -560 -752 -560 0 0 40 5 0 0 0.5
w -672 -560 -624 -560 0
w -624 -560 -576 -560 0
s -672 -560 -672 -400 0 0 false
s -624 -560 -624 -400 0 0 false
s -576 -560 -576 -400 0 0 false
x -740 -617 -478 -614 4 24 TIMER\sCONFIGURADO
x -632 -575 -616 -572 4 24 B
x -678 -574 -662 -571 4 24 A
x -583 -575 -567 -572 4 24 C

