$ 0 0.000005 1.0312258501325766 50 5 50
R -1008 -624 -1072 -624 0 0 40 5 0 0 0.5
s -864 -624 -864 -464 0 0 false
w -1008 -464 -1008 -432 0
s -1008 -624 -1008 -464 0 0 false
s -960 -624 -960 -464 0 1 false
s -912 -624 -912 -464 0 1 false
x -1016 -637 -1000 -634 4 24 A
x -961 -636 -945 -633 4 24 B
x -917 -636 -900 -633 4 24 C
x -870 -637 -852 -634 4 24 D
w -864 -464 -864 -368 0
I -816 -368 -816 -272 0 0.5 5
I -768 -368 -768 -272 0 0.5 5
I -720 -368 -720 -272 0 0.5 5
I -672 -368 -672 -272 0 0.5 5
w -1008 -432 -816 -432 0
w -816 -432 -816 -368 0
w -960 -464 -960 -416 0
w -960 -416 -768 -416 0
w -768 -416 -768 -368 0
w -912 -464 -912 -400 0
w -912 -400 -720 -400 0
w -720 -400 -720 -368 0
w -864 -368 -864 -96 0
w -864 -368 -672 -368 0
w -1008 -624 -960 -624 0
w -960 -624 -912 -624 0
w -912 -624 -864 -624 0
w -1008 -432 -1008 -176 0
w -960 -416 -960 -64 0
w -912 -400 -912 -96 0
x -827 -447 -804 -444 4 24 A'
x -782 -447 -759 -444 4 24 B'
x -737 -447 -713 -444 4 24 C'
x -689 -446 -664 -443 4 24 D'
w -816 -272 -816 -96 0
w -768 -272 -768 -96 0
w -720 -272 -720 -144 0
w -672 -272 -672 -32 0
w 624 -64 -224 -96 0
x 576 -103 678 -100 4 24 N1\s>\sN2
x 575 71 697 74 4 24 N1\s\q\q\sN2
x 599 299 701 302 4 24 N1\s<\sN2
w 624 112 384 112 0
w 672 272 416 272 0
w -1008 -176 -1008 112 0
w -1008 -176 -528 -176 0
150 -528 -160 -400 -160 0 2 5 5
w -528 -144 -720 -144 0
w -720 -144 -720 -96 0
150 -528 -48 -400 -48 0 2 0 5
w -528 -64 -960 -64 0
w -528 -32 -672 -32 0
152 -352 -96 -224 -96 0 2 5 5
w -400 -160 -400 -112 0
w -400 -112 -352 -112 0
w -352 -80 -400 -80 0
w -400 -80 -400 -48 0
150 -544 240 -416 240 0 2 5 5
150 -544 384 -416 384 0 2 0 5
152 -384 320 -224 320 0 2 5 5
w -416 384 -416 336 0
w -416 336 -384 336 0
w -384 304 -416 304 0
w -416 304 -416 240 0
w -768 -96 -768 224 0
w -720 -96 -720 496 0
w -672 -32 -672 496 0
w -816 -96 -816 368 0
w -912 -96 -912 144 0
w -864 -96 -864 64 0
w -960 -64 -960 32 0
w -544 224 -768 224 0
w -544 256 -864 256 0
w -544 368 -816 368 0
w -544 400 -912 400 0
w -816 368 -816 496 0
w -864 256 -864 512 0
w -768 224 -768 496 0
w -224 320 416 272 0
154 -400 48 -272 48 0 2 5 5
154 -400 128 -272 128 0 2 5 5
I -272 48 -208 48 0 0.5 5
I -272 128 -208 128 0 0.5 5
150 -176 80 0 80 0 2 0 5
w -400 32 -960 32 0
w -400 64 -864 64 0
w -400 112 -1008 112 0
w -400 144 -912 144 0
w -1008 112 -1008 400 0
w -960 32 -960 400 0
w -864 64 -864 256 0
w -912 144 -912 400 0
w -208 48 -176 64 0
w -208 128 -176 96 0
w 0 80 384 112 0

