$ 0 0.000005 1.0312258501325766 50 5 50
157 128 48 256 48 0 7 0 0
R -1008 -624 -1072 -624 0 0 40 5 0 0 0.5
s -864 -624 -864 -464 0 0 false
w -1008 -464 -1008 -432 0
s -1008 -624 -1008 -464 0 0 false
s -960 -624 -960 -464 0 1 false
s -912 -624 -912 -464 0 1 false
x -1016 -637 -1000 -634 4 24 A
x -961 -636 -945 -633 4 24 B
x -917 -636 -900 -633 4 24 C
x -870 -637 -852 -634 4 24 D
150 -480 -240 -256 -240 0 2 0 5
150 -480 -112 -256 -112 0 2 0 5
w -864 -464 -864 -368 0
w -816 -272 -800 -272 0
w -768 -272 -768 -192 0
w -720 -272 -720 32 0
I -816 -368 -816 -272 0 0.5 5
I -768 -368 -768 -272 0 0.5 5
I -720 -368 -720 -272 0 0.5 5
I -672 -368 -672 -272 0 0.5 5
w -672 -272 -672 -192 0
w -1008 -432 -816 -432 0
w -816 -432 -816 -368 0
w -960 -464 -960 -416 0
w -960 -416 -768 -416 0
w -768 -416 -768 -368 0
w -912 -464 -912 -400 0
w -912 -400 -720 -400 0
w -720 -400 -720 -368 0
w -864 -368 -864 -224 0
w -864 -368 -672 -368 0
w -1008 -624 -960 -624 0
w -960 -624 -912 -624 0
w -912 -624 -864 -624 0
w -1008 -432 -1008 -288 0
w -960 -416 -960 -256 0
w -912 -400 -912 -192 0
x -827 -447 -804 -444 4 24 A'
x -782 -447 -759 -444 4 24 B'
x -737 -447 -713 -444 4 24 C'
x -689 -446 -664 -443 4 24 D'
w -960 -256 -960 1248 0
w -960 -256 -480 -256 0
w -864 -224 -864 128 0
w -864 -224 -480 -224 0
w -768 -128 -768 0 0
w -768 -128 -480 -128 0
w -672 -128 -672 64 0
w -912 -96 -480 -96 0
152 -128 -176 80 -176 0 4 5 5
w -256 -240 -256 -224 0
w -256 -160 -128 -160 0
w -256 -112 -128 -144 0
w -256 -224 -256 -160 0
w -1008 -288 -1008 -32 0
w -1008 -288 -128 -288 0
w -128 -288 -128 -208 0
w -384 -176 -128 -192 0
w -912 -192 -912 -96 0
x 72 -189 87 -186 4 24 a
w 80 -176 80 48 0
w 80 48 128 48 0
x -329 -247 -295 -244 4 24 BD
x -327 -122 -287 -119 4 24 B'C
x -89 -220 -73 -217 4 24 A
x -358 -186 -310 -183 4 24 B'D'
x -449 37 -400 40 4 24 C'D'
x -89 36 -73 39 4 24 A
x -327 102 -292 105 4 24 CD
x -227 46 -204 49 4 24 B'
w -128 -32 -128 48 0
w -1008 -32 -128 -32 0
w -256 112 -128 112 0
w -256 96 -128 96 0
w -256 0 -256 64 0
152 -128 80 128 80 0 4 5 5
w -864 128 -480 128 0
w -912 96 -480 96 0
w -768 0 -256 0 0
150 -480 112 -256 112 0 2 0 5
w -768 0 -768 736 0
w -1008 -32 -1008 1152 0
w -256 64 -128 64 0
w -720 32 -720 752 0
w -672 64 -672 768 0
w -720 32 -560 32 0
w -672 64 -560 64 0
150 -560 48 -432 48 0 2 0 5
w -432 48 -288 48 0
w -288 48 -256 96 0
w -864 128 -864 1440 0
w -912 96 -912 880 0
w -912 -96 -912 96 0
w -768 -192 -768 -128 0
w -672 -192 -672 -160 0
150 -496 -176 -384 -176 0 2 0 5
w -496 -192 -768 -192 0
w -672 -160 -496 -160 0
w -672 -160 -672 -128 0
w -1008 1152 -96 1152 0
w -1008 1152 -1008 1440 0
w -768 1184 -464 1184 0
150 -464 1200 -256 1200 0 2 0 5
w -464 1216 -912 1216 0
w -768 1184 -768 1440 0
w -912 1216 -912 1440 0
x -157 1137 -141 1140 4 24 A
x -307 1193 -267 1196 4 24 B'C
x -313 1251 -274 1254 4 24 BC'
x -234 1329 -170 1332 4 24 A'BD'
150 -416 1264 -288 1264 0 2 0 5
150 -352 1344 -192 1344 0 3 0 5
w -416 1248 -960 1248 0
w -960 1248 -960 1344 0
w -416 1280 -720 1280 0
w -720 1280 -720 1440 0
w -352 1328 -800 1328 0
w -800 -272 -800 800 0
w -800 1328 -800 1440 0
w -352 1344 -960 1344 0
w -960 1344 -960 1440 0
w -352 1360 -672 1360 0
w -672 1360 -672 1440 0
152 -64 1248 128 1248 0 4 5 5
w -96 1152 -64 1216 0
w -256 1200 -64 1232 0
w -288 1264 -64 1264 0
w -192 1344 -64 1280 0
w 128 1248 256 176 0
w -768 736 -544 736 0
w -544 752 -720 752 0
w -544 768 -672 768 0
w -672 768 -672 832 0
w -720 752 -720 1280 0
w -768 736 -768 816 0
w -480 800 -800 800 0
w -480 816 -768 816 0
w -480 832 -672 832 0
w -672 832 -672 896 0
w -768 816 -768 1184 0
w -800 800 -800 864 0
w -448 864 -800 864 0
w -448 880 -912 880 0
w -448 896 -672 896 0
w -672 896 -672 1360 0
w -800 864 -800 1328 0
w -912 880 -912 1216 0
150 -448 880 -336 880 0 3 0 5
150 -480 816 -384 816 0 3 0 5
150 -544 752 -448 752 0 3 0 5
152 -320 784 -208 784 0 3 0 5
w -336 880 -320 800 0
w -384 816 -320 784 0
w -448 752 -320 768 0
w -208 784 192 176 0
x -460 739 -388 742 4 24 B'C'D'
x -410 795 -339 798 4 24 A'B'D'
x -352 911 -288 914 4 24 'AC'D

