$ 16 0.0000049999999999999996 3.7524723159601 40 5 50
w 1408 -416 1296 -416 0
w 1296 -608 1408 -608 0
w 1216 -320 1472 -320 0
w 1216 -464 1216 -320 0
w 1168 -464 1216 -464 0
w 1168 -288 1168 -400 0
w 1504 -288 1168 -288 0
w 1504 -320 1504 -288 0
w 1632 -320 1536 -320 0
x 1671 -855 1786 -852 4 16 AUMENTAR\s\q\sL
w 448 -608 528 -608 0
w 448 -608 448 -592 0
w 416 -592 416 -640 0
w 544 -640 416 -640 0
w 544 -640 544 -592 0
153 432 -592 432 -496 0 2 0 5
w 800 -464 432 -464 0
153 624 -496 720 -496 0 2 0 5
w 1632 -816 1632 -320 0
w 1408 -480 1296 -480 0
w 1296 -576 1408 -576 0
x 1231 -255 1303 -252 4 12 DECIMAL\s\q\s7
x 1096 -507 1170 -504 4 12 UNIDADE\s\q\s0
w 1024 -480 1024 -448 0
w 896 -480 1024 -480 0
w 1024 -448 1088 -448 0
150 1088 -464 1168 -464 0 2 0 5
w 1088 -640 1088 -560 0
w 1360 -640 1088 -640 0
w 1328 -752 1328 -880 0
w 1344 -848 1344 -752 0
w 1376 -752 1376 -816 0
w 1392 -752 1392 -784 0
153 1360 -752 1360 -640 0 4 0 5
x 998 -431 1070 -428 4 12 DECIMAL\s\q\s0
150 800 -480 896 -480 0 2 0 5
w 720 -496 800 -496 0
w 576 -480 624 -480 0
w 624 -880 624 -512 0
w 576 -784 576 -480 0
w 1568 -880 1520 -880 0
w 1568 -608 1568 -880 0
w 528 -400 752 -400 0
w 528 -496 528 -400 0
184 1408 -608 1440 -608 0 3
150 528 -592 528 -496 0 3 0 5
w 512 -784 512 -592 0
w 544 -848 544 -640 0
w 1088 -1040 1088 -1136 0
w 1088 -1040 1264 -1040 0
w 1360 -1232 1152 -1232 0
w 1360 -1104 1360 -1232 0
w 752 -1232 752 -1104 0
w 1056 -1232 752 -1232 0
184 1056 -1232 1088 -1232 1024 1
w 1328 -928 1328 -1008 0
w 1392 -928 1392 -1008 0
w 1456 -1216 1296 -1216 0
150 1296 -1200 1152 -1200 0 2 0 5
w 1456 -928 1456 -1216 0
w 1296 -928 1296 -1184 0
w 1328 -928 1296 -928 0
w 1392 -928 1456 -928 0
x 1668 -884 1770 -881 4 16 DIMINUIR\s\q\sH
x 1903 -1037 1983 -1034 4 24 RESET
L 1920 -1008 1984 -1008 0 0 false 5 0
w 1632 -816 1520 -816 0
w 1632 -960 1632 -816 0
w 1264 -960 1632 -960 0
w 1264 -1040 1264 -960 0
w 752 -1040 1088 -1040 0
w 1920 -784 1920 -1008 0
w 1520 -784 1920 -784 0
w 752 -1008 1920 -1008 0
153 1360 -1008 1360 -1104 0 4 0 5
w 1376 -816 1376 -1008 0
w 1344 -848 1344 -1008 0
197 624 -880 640 -880 0
w 576 -848 624 -848 0
w 576 -816 624 -816 0
w 576 -784 624 -784 0
w 752 -880 832 -880 0
w 752 -848 832 -848 0
w 752 -816 832 -816 0
w 752 -784 832 -784 0
w 752 -752 896 -752 0
w 752 -720 928 -720 0
w 928 -752 928 -720 0
w 960 -752 960 -688 0
w 960 -688 752 -688 0
w 576 -880 624 -880 0
157 960 -880 1104 -880 1024 7 0 0
197 1184 -880 1200 -880 1024
w 1120 -880 1184 -880 0
w 1120 -848 1184 -848 0
w 1120 -816 1184 -816 0
w 1120 -784 1184 -784 0
w 1056 -752 1184 -752 0
w 1024 -752 1024 -720 0
w 1184 -720 1024 -720 0
w 992 -688 1184 -688 0
w 992 -688 992 -752 0
164 1424 -880 1584 -880 1028 4 0 0 5 5 false 10
w 1312 -880 1328 -880 0
w 1312 -848 1344 -848 0
w 1312 -816 1376 -816 0
w 1312 -784 1392 -784 0
157 832 -880 880 -880 0 7 0 0
w 1328 -880 1328 -928 0
w 1392 -784 1392 -928 0
w 1328 -880 1424 -880 0
L 1632 -816 1712 -816 0 1 false 5 0
w 1392 -784 1424 -784 0
164 656 -1104 816 -1104 1028 4 0 0 5 5 false 8
w 656 -1104 576 -1104 0
w 576 -1104 576 -880 0
w 576 -784 512 -784 0
w 480 -1008 656 -1008 0
w 656 -1040 512 -1040 0
w 512 -816 528 -816 0
w 656 -1072 544 -1072 0
w 544 -848 576 -848 0
w 1376 -816 1424 -816 0
w 1344 -848 1424 -848 0
w 480 -784 480 -1008 0
w 512 -1040 512 -816 0
w 544 -1072 544 -848 0
x 950 -1340 1420 -1337 4 48 CIRCUITO\sLOTAÇÃO
g 1408 -544 1392 -544 0
g 1408 -512 1392 -512 0
g 1408 -448 1392 -448 0
g 1408 -384 1392 -384 0
w 1296 -416 1296 -480 0
w 1296 -576 1296 -608 0
w 1296 -480 1296 -528 0
w 1296 -528 1296 -576 0
w 432 -464 432 -496 0
w 512 -784 480 -784 0
w 528 -816 576 -816 0
w 528 -816 528 -608 0
x 900 -911 1050 -908 4 48 TOTAL
w 528 -608 528 -592 0
R 1296 -528 1248 -528 1 2 1000 2.5 2.5 0 0.5
x 1152 -548 1280 -545 4 16 INPUT\sPESSOAS
s 2480 -1376 2480 -1296 0 0 false
s 2512 -1376 2512 -1296 0 0 false
s 2576 -1376 2576 -1296 0 0 false
s 2544 -1376 2544 -1296 0 0 false
s 2608 -1376 2608 -1296 0 0 false
w 2480 -1376 2512 -1376 0
w 2512 -1376 2544 -1376 0
w 2544 -1376 2576 -1376 0
w 2576 -1376 2608 -1376 0
w 2704 -1376 2768 -1376 0
w 2672 -1376 2704 -1376 0
w 2640 -1376 2672 -1376 0
s 2768 -1376 2768 -1296 0 0 false
s 2704 -1376 2704 -1296 0 0 false
s 2800 -1376 2800 -1296 0 0 false
s 2672 -1376 2672 -1296 0 0 false
s 2640 -1376 2640 -1296 0 0 false
w 2608 -1376 2640 -1376 0
w 2960 -1376 2992 -1376 0
s 2992 -1376 2992 -1296 0 0 false
s 3152 -1376 3152 -1296 0 0 false
s 3088 -1376 3088 -1296 0 0 false
s 3056 -1376 3056 -1296 0 0 false
s 3120 -1376 3120 -1296 0 0 false
w 2992 -1376 3056 -1376 0
w 3056 -1376 3088 -1376 0
w 3088 -1376 3120 -1376 0
w 2928 -1376 2960 -1376 0
w 2896 -1376 2928 -1376 0
w 2864 -1376 2896 -1376 0
w 2832 -1376 2864 -1376 0
s 2960 -1376 2960 -1296 0 0 false
s 2896 -1376 2896 -1296 0 0 false
s 2928 -1376 2928 -1296 0 0 false
s 2864 -1376 2864 -1296 0 0 false
s 2832 -1376 2832 -1296 0 0 false
w 3280 -1376 3344 -1376 0
s 3344 -1376 3344 -1296 0 0 false
s 3376 -1376 3376 -1296 0 0 false
s 3440 -1376 3440 -1296 0 0 false
s 3408 -1376 3408 -1296 0 0 false
s 3472 -1376 3472 -1296 0 0 false
w 3344 -1376 3376 -1376 0
w 3376 -1376 3408 -1376 0
w 3408 -1376 3440 -1376 0
w 3440 -1376 3472 -1376 0
w 3248 -1376 3280 -1376 0
w 3216 -1376 3248 -1376 0
w 3184 -1376 3216 -1376 0
w 3152 -1376 3184 -1376 0
s 3248 -1376 3248 -1296 0 0 false
s 3280 -1376 3280 -1296 0 0 false
s 3216 -1376 3216 -1296 0 0 false
s 3184 -1376 3184 -1296 0 0 false
s 3504 -1376 3504 -1296 0 0 false
s 3536 -1376 3536 -1296 0 0 false
s 3824 -1376 3824 -1296 0 0 false
s 3568 -1376 3568 -1296 0 0 false
s 3632 -1376 3632 -1296 0 0 false
w 3504 -1376 3536 -1376 0
w 3536 -1376 3568 -1376 0
w 3568 -1376 3632 -1376 0
w 3760 -1376 3792 -1376 0
w 3728 -1376 3760 -1376 0
w 3696 -1376 3728 -1376 0
w 3664 -1376 3696 -1376 0
s 3792 -1376 3792 -1296 0 0 false
s 3728 -1376 3728 -1296 0 0 false
s 3760 -1376 3760 -1296 0 0 false
s 3696 -1376 3696 -1296 0 0 false
s 3664 -1376 3664 -1296 0 0 false
w 3632 -1376 3664 -1376 0
w 3120 -1376 3152 -1376 0
w 3472 -1376 3504 -1376 0
w 2768 -1376 2800 -1376 0
L 2480 -1376 2400 -1376 0 1 false 5 0
x 3073 -1428 3275 -1425 4 48 BANCOS
195 2512 592 2544 592 2048
w 2480 -1296 2480 624 0
w 2480 624 2512 624 0
w 2512 592 2512 -1296 0
w 2544 544 2544 -1296 0
197 1696 -272 1712 -272 0
w 1328 -176 1696 -176 0
w 1344 -208 1696 -208 0
157 1888 -272 1936 -272 0 7 0 0
w 1888 -272 1824 -272 0
w 1824 -240 1888 -240 0
w 1824 -208 1888 -208 0
w 1824 -176 1888 -176 0
w 1824 -144 1952 -144 0
w 1984 -144 1984 -112 0
w 1984 -112 1824 -112 0
w 1824 -80 2016 -80 0
w 2576 512 2576 -1296 0
w 1440 -240 1696 -240 0
w 752 -400 1168 -400 0
w 752 -400 752 -560 0
w 752 -560 960 -560 0
w 1088 -560 992 -560 0
150 976 -560 976 -640 0 2 0 5
162 976 -640 880 -640 2 default-led 1 0 0 0.01
g 880 -640 864 -640 0
w 1088 -560 1088 -480 0
195 2576 512 2608 512 2048
w 2576 544 2544 544 0
w 2672 544 2672 608 0
196 2720 592 2784 592 0
w 2608 592 2688 592 0
195 2624 656 2656 656 2048
w 2608 688 2608 624 0
w 2688 592 2688 624 0
w 2704 592 2704 512 0
w 2704 512 2672 512 0
w 2608 688 2624 688 0
w 2672 608 2624 608 0
w 2624 608 2624 656 0
w 2704 592 2720 592 0
w 2688 624 2720 624 0
w 2816 464 2848 464 0
w 2832 432 2848 432 0
w 2752 448 2752 496 0
w 2800 448 2752 448 0
w 2736 528 2752 528 0
w 2832 352 2800 352 0
w 2832 432 2832 352 0
w 2816 432 2816 464 0
w 2736 528 2736 464 0
195 2752 496 2784 496 2048
w 2736 432 2816 432 0
196 2848 432 2912 432 0
w 2800 384 2800 448 0
w 2704 384 2672 384 0
195 2704 352 2736 352 2048
w 2704 352 2704 -1296 0
w 2672 384 2672 -1296 0
w 2640 432 2640 -1296 0
w 2608 464 2640 464 0
w 2608 -1296 2608 464 0
195 2640 432 2672 432 2048
w 2800 -1376 2832 -1376 0
s 3856 -1376 3856 -1296 0 0 false
w 3792 -1376 3824 -1376 0
w 3824 -1376 3856 -1376 0
195 2928 32 2960 32 2048
w 2896 -1296 2896 64 0
w 2896 64 2928 64 0
w 2928 32 2928 -1296 0
w 2960 -16 2960 -1296 0
w 2992 -48 2992 -1296 0
195 2992 -48 3024 -48 2048
w 2992 -16 2960 -16 0
w 3088 -16 3088 48 0
196 3136 32 3200 32 0
w 3024 32 3104 32 0
195 3040 96 3072 96 2048
w 3024 128 3024 64 0
w 3104 32 3104 64 0
w 3120 32 3120 -48 0
w 3120 -48 3088 -48 0
w 3024 128 3040 128 0
w 3088 48 3040 48 0
w 3040 48 3040 96 0
w 3120 32 3136 32 0
w 3104 64 3136 64 0
w 2976 224 3008 224 0
w 2992 192 3008 192 0
w 2912 208 2912 256 0
w 2960 208 2912 208 0
w 2896 288 2912 288 0
w 2992 112 2960 112 0
w 2992 192 2992 112 0
w 2976 192 2976 224 0
w 2896 288 2896 224 0
195 2912 256 2944 256 2048
w 2896 192 2976 192 0
196 3008 192 3072 192 0
w 2960 144 2960 208 0
w 2864 144 2832 144 0
195 2864 112 2896 112 2048
w 2864 112 2864 -1296 0
w 2832 144 2832 -1296 0
w 2800 192 2800 -1296 0
w 2768 224 2800 224 0
w 2768 -1296 2768 224 0
195 2800 192 2832 192 2048
195 3376 -592 3408 -592 2048
w 3344 -1296 3344 -560 0
w 3344 -560 3376 -560 0
w 3376 -592 3376 -1296 0
w 3408 -640 3408 -1296 0
w 3440 -672 3440 -1296 0
195 3440 -672 3472 -672 2048
w 3440 -640 3408 -640 0
w 3536 -640 3536 -576 0
196 3584 -592 3648 -592 0
w 3472 -592 3552 -592 0
195 3488 -528 3520 -528 2048
w 3472 -496 3472 -560 0
w 3552 -592 3552 -560 0
w 3568 -592 3568 -672 0
w 3568 -672 3536 -672 0
w 3472 -496 3488 -496 0
w 3536 -576 3488 -576 0
w 3488 -576 3488 -528 0
w 3568 -592 3584 -592 0
w 3552 -560 3584 -560 0
w 3680 -720 3712 -720 0
w 3696 -752 3712 -752 0
w 3616 -736 3616 -688 0
w 3664 -736 3616 -736 0
w 3600 -656 3616 -656 0
w 3696 -832 3664 -832 0
w 3696 -752 3696 -832 0
w 3680 -752 3680 -720 0
w 3600 -656 3600 -720 0
195 3616 -688 3648 -688 2048
w 3600 -752 3680 -752 0
196 3712 -752 3776 -752 0
w 3664 -800 3664 -736 0
w 3568 -800 3536 -800 0
195 3568 -832 3600 -832 2048
w 3568 -832 3568 -1296 0
w 3536 -800 3536 -1296 0
w 3504 -752 3504 -1296 0
w 3472 -720 3504 -720 0
w 3472 -1296 3472 -720 0
195 3504 -752 3536 -752 2048
195 3216 -352 3248 -352 2048
w 3184 -1296 3184 -320 0
w 3184 -320 3216 -320 0
w 3216 -352 3216 -1296 0
w 3248 -400 3248 -1296 0
w 3280 -432 3280 -1296 0
195 3280 -432 3312 -432 2048
w 3280 -400 3248 -400 0
w 3376 -400 3376 -336 0
196 3424 -352 3488 -352 0
w 3312 -352 3392 -352 0
195 3328 -288 3360 -288 2048
w 3312 -256 3312 -320 0
w 3392 -352 3392 -320 0
w 3408 -352 3408 -432 0
w 3408 -432 3376 -432 0
w 3312 -256 3328 -256 0
w 3376 -336 3328 -336 0
w 3328 -336 3328 -288 0
w 3408 -352 3424 -352 0
w 3392 -320 3424 -320 0
w 3264 -160 3296 -160 0
w 3280 -192 3296 -192 0
w 3200 -176 3200 -128 0
w 3248 -176 3200 -176 0
w 3184 -96 3200 -96 0
w 3280 -272 3248 -272 0
w 3280 -192 3280 -272 0
w 3264 -192 3264 -160 0
w 3184 -96 3184 -160 0
195 3200 -128 3232 -128 2048
w 3184 -192 3264 -192 0
196 3296 -192 3360 -192 0
w 3248 -240 3248 -176 0
w 3152 -240 3120 -240 0
195 3152 -272 3184 -272 2048
w 3152 -272 3152 -1296 0
w 3120 -240 3120 -1296 0
w 3088 -192 3088 -1296 0
w 3056 -160 3088 -160 0
w 3056 -1296 3056 -160 0
195 3088 -192 3120 -192 2048
195 3792 -1104 3824 -1104 2048
w 3760 -1296 3760 -1072 0
w 3760 -1072 3792 -1072 0
w 3792 -1104 3792 -1296 0
w 3824 -1152 3824 -1296 0
w 3856 -1184 3856 -1296 0
195 3856 -1184 3888 -1184 2048
w 3856 -1152 3824 -1152 0
w 3952 -1152 3952 -1088 0
196 4000 -1104 4064 -1104 0
w 3888 -1104 3968 -1104 0
195 3904 -1040 3936 -1040 2048
w 3888 -1008 3888 -1072 0
w 3968 -1104 3968 -1072 0
w 3984 -1104 3984 -1184 0
w 3984 -1184 3952 -1184 0
w 3888 -1008 3904 -1008 0
w 3952 -1088 3904 -1088 0
w 3904 -1088 3904 -1040 0
w 3984 -1104 4000 -1104 0
w 3968 -1072 4000 -1072 0
w 3840 -912 3872 -912 0
w 3856 -944 3872 -944 0
w 3776 -928 3776 -880 0
w 3824 -928 3776 -928 0
w 3760 -848 3776 -848 0
w 3856 -1024 3824 -1024 0
w 3856 -944 3856 -1024 0
w 3840 -944 3840 -912 0
w 3760 -848 3760 -912 0
195 3776 -880 3808 -880 2048
w 3760 -944 3840 -944 0
196 3872 -944 3936 -944 0
w 3824 -992 3824 -928 0
w 3728 -992 3696 -992 0
195 3728 -1024 3760 -1024 2048
w 3728 -1024 3728 -1296 0
w 3696 -992 3696 -1296 0
w 3664 -944 3664 -1296 0
w 3632 -912 3664 -912 0
w 3632 -1296 3632 -912 0
195 3664 -944 3696 -944 2048
196 2944 592 3008 592 0
195 2848 656 2880 656 2048
w 2848 528 2848 656 0
w 2720 688 2848 688 0
w 2816 656 2816 624 0
w 2816 624 2944 624 0
w 2944 496 2944 592 0
w 2816 592 2912 592 0
w 2912 592 2912 560 0
w 2912 560 3040 560 0
w 2944 432 3040 432 0
w 3040 528 3040 432 0
196 3040 528 3104 528 0
196 3328 128 3392 128 0
w 3328 128 3328 32 0
w 3200 160 3328 160 0
w 3200 192 3200 160 0
w 3104 192 3200 192 0
w 3232 96 3232 192 0
w 3104 224 3232 224 0
w 3008 288 3136 288 0
w 3136 128 3136 256 0
195 3136 256 3168 256 2048
196 3232 192 3296 192 0
w 3104 256 3104 224 0
w 3232 32 3328 32 0
196 3616 -256 3680 -256 0
w 3616 -256 3616 -352 0
w 3488 -224 3616 -224 0
w 3488 -192 3488 -224 0
w 3392 -192 3488 -192 0
w 3520 -288 3520 -192 0
w 3392 -160 3520 -160 0
w 3296 -96 3424 -96 0
w 3424 -256 3424 -128 0
195 3424 -128 3456 -128 2048
196 3520 -192 3584 -192 0
w 3392 -128 3392 -160 0
w 3520 -352 3616 -352 0
196 3904 -656 3968 -656 0
w 3904 -656 3904 -752 0
w 3776 -624 3904 -624 0
w 3776 -592 3776 -624 0
w 3680 -592 3776 -592 0
w 3808 -688 3808 -592 0
w 3680 -560 3808 -560 0
w 3584 -496 3712 -496 0
w 3712 -656 3712 -528 0
195 3712 -528 3744 -528 2048
196 3808 -592 3872 -592 0
w 3680 -528 3680 -560 0
w 3808 -752 3904 -752 0
196 4192 -1008 4256 -1008 0
w 4192 -1008 4192 -1104 0
w 4064 -976 4192 -976 0
w 4064 -944 4064 -976 0
w 3968 -944 4064 -944 0
w 4096 -1040 4096 -944 0
w 3968 -912 4096 -912 0
w 3872 -848 4000 -848 0
w 4000 -1008 4000 -880 0
195 4000 -880 4032 -880 2048
196 4096 -944 4160 -944 0
w 3968 -880 3968 -912 0
w 4096 -1104 4192 -1104 0
w 2944 688 3232 688 0
w 3232 656 3232 288 0
195 3232 656 3264 656 2048
w 3040 656 3184 656 0
w 3184 656 3184 624 0
w 3184 624 3328 624 0
w 3328 256 3328 592 0
196 3328 592 3392 592 0
w 3136 592 3296 592 0
w 3296 592 3296 560 0
w 3296 560 3424 560 0
w 3424 192 3424 528 0
196 3424 528 3488 528 0
w 3136 528 3376 528 0
w 3376 528 3376 496 0
w 3376 496 3520 496 0
w 3424 128 3520 128 0
w 3520 128 3520 464 0
196 3520 464 3584 464 0
196 4096 -320 4160 -320 0
w 4096 -656 4096 -320 0
w 3952 -288 4096 -288 0
w 3952 -256 3952 -288 0
w 3712 -256 3952 -256 0
196 4000 -256 4064 -256 0
w 4000 -592 4000 -256 0
w 3872 -224 4000 -224 0
w 3872 -192 3872 -224 0
w 3712 -192 3872 -192 0
196 3904 -192 3968 -192 0
w 3904 -528 3904 -192 0
w 3760 -160 3904 -160 0
w 3760 -128 3760 -160 0
w 3616 -128 3760 -128 0
195 3808 -128 3840 -128 2048
w 3808 -128 3808 -496 0
w 3520 -96 3808 -96 0
w 4000 -656 4096 -656 0
w 3328 688 4224 688 0
w 4224 688 4224 176 0
w 3904 -96 4000 -96 0
195 4224 144 4256 144 2048
w 3424 656 4176 656 0
w 4176 656 4176 112 0
w 4176 112 4320 112 0
w 4000 -128 4160 -128 0
w 4160 -128 4160 80 0
w 4160 80 4320 80 0
196 4320 80 4384 80 0
w 3520 592 4144 592 0
w 3616 528 4128 528 0
w 3616 464 4112 464 0
w 4144 592 4144 48 0
w 4128 528 4128 -16 0
w 4112 464 4112 -80 0
196 4416 16 4480 16 0
196 4512 -48 4576 -48 0
w 4144 48 4416 48 0
w 4000 144 4224 144 0
w 4000 -96 4000 144 0
w 4096 -192 4176 -192 0
w 4176 -192 4176 16 0
w 4176 16 4416 16 0
w 4512 -16 4128 -16 0
196 4608 -112 4672 -112 0
w 4608 -80 4112 -80 0
w 4192 -256 4192 -48 0
w 4192 -48 4512 -48 0
w 4608 -112 4224 -112 0
w 4224 -112 4224 -320 0
w 4224 -320 4192 -320 0
w 5408 -544 4736 -544 0
w 4448 -480 5216 -480 0
w 5312 -512 4784 -512 0
w 5216 -448 4816 -448 0
w 4400 -416 5120 -416 0
w 4848 -384 5120 -384 0
196 5216 -480 5280 -480 0
196 5120 -416 5184 -416 0
196 5024 -352 5088 -352 0
w 4352 -352 5024 -352 0
w 4896 -320 5024 -320 0
195 5312 -512 5344 -512 2048
w 4320 176 4928 176 0
w 4928 176 4928 -256 0
w 4096 -848 4304 -848 0
w 4304 -848 4304 -288 0
w 4304 -288 4928 -288 0
w 4416 144 4896 144 0
w 4896 144 4896 -320 0
w 4192 -880 4352 -880 0
w 4352 -880 4352 -352 0
w 4512 80 4848 80 0
w 4848 80 4848 -384 0
w 4288 -944 4400 -944 0
w 4400 -944 4400 -416 0
w 4608 16 4816 16 0
w 4816 16 4816 -448 0
w 4448 -480 4448 -1008 0
w 4448 -1008 4288 -1008 0
w 4704 -48 4784 -48 0
w 4784 -48 4784 -512 0
w 4704 -112 4736 -112 0
w 4736 -112 4736 -544 0
195 4928 -288 4960 -288 2048
195 5408 -544 5456 -544 2048
w 5408 -480 5520 -480 0
w 5312 -416 5520 -416 0
w 5216 -352 5520 -352 0
w 5120 -288 5520 -288 0
w 5024 -256 5520 -256 0
w 5520 -512 5504 -512 0
