$ 16 0.000005 8.281975887399955 40 5 50
197 -592 -912 -576 -912 0
w -640 -880 -592 -880 0
w -640 -848 -592 -848 0
w -640 -816 -592 -816 0
w -464 -912 -384 -912 0
w -464 -880 -384 -880 0
w -464 -848 -384 -848 0
w -464 -816 -384 -816 0
w -464 -784 -320 -784 0
w -464 -752 -288 -752 0
w -288 -784 -288 -752 0
w -256 -784 -256 -720 0
w -256 -720 -464 -720 0
w -640 -912 -592 -912 0
157 -256 -912 -112 -912 1024 7 0 0
197 -32 -912 -16 -912 1024
w -96 -912 -32 -912 0
w -96 -880 -32 -880 0
w -96 -848 -32 -848 0
w -96 -816 -32 -816 0
w -160 -784 -32 -784 0
w -192 -784 -192 -752 0
w -32 -752 -192 -752 0
w -224 -720 -32 -720 0
w -224 -720 -224 -784 0
164 240 -912 400 -912 1028 4 0 0 0 0 false 10
w 96 -912 128 -912 0
w 96 -880 176 -880 0
w 96 -848 176 -848 0
w 96 -816 160 -816 0
157 -384 -912 -336 -912 0 7 0 0
w 128 -912 128 -960 0
w 160 -816 160 -960 0
w 128 -912 144 -912 0
L 336 -848 416 -848 0 1 false 5 0
w 160 -816 208 -816 0
164 -832 -912 -672 -912 4 4 0 0 0 0 false 1
L -832 -848 -896 -848 0 1 false 5 0
w -640 -816 -736 -816 0
w -704 -848 -640 -848 0
w -672 -880 -640 -880 0
150 144 -960 144 -1056 0 2 0 5
w 144 -912 144 -672 0
w 176 -880 176 -656 0
w 240 -848 240 -624 0
w 176 -848 240 -848 0
w 176 -880 240 -880 0
w -704 -848 -704 -640 0
w -672 -880 -672 -656 0
w -640 -912 -640 -672 0
w -304 -624 -736 -624 0
w -176 -624 240 -624 0
w -192 -624 -192 -640 0
w -192 -640 208 -640 0
w -208 -624 -208 -656 0
w -208 -656 176 -656 0
w -224 -624 -224 -672 0
w -224 -672 144 -672 0
w -288 -624 -288 -640 0
w -288 -640 -704 -640 0
w -272 -624 -272 -656 0
w -272 -656 -672 -656 0
w -256 -624 -256 -672 0
w -256 -672 -640 -672 0
153 -240 -624 -240 -480 0 8 5 5
w -736 -816 -736 -624 0
w 208 -816 208 -640 0
157 96 -592 208 -592 0 7 0 0
w -144 -560 96 -560 0
w -144 -528 96 -528 0
w -240 -464 -144 -464 0
w 192 -464 192 -432 0
w 192 -432 -240 -432 0
w 224 -464 224 -416 0
w 224 -400 -240 -400 0
w -144 -592 96 -592 0
g 96 -496 80 -496 0
w 336 -816 336 -384 0
w -1424 -384 336 -384 0
185 -1248 -208 -1072 -208 2048 2
L -1216 -240 -1216 -352 0 0 false 5 0
L -1184 -240 -1184 -352 0 0 false 5 0
w -1120 -176 496 -176 0
w -704 -848 -736 -848 0
w -736 -880 -672 -880 0
w -736 -912 -640 -912 0
w 144 -912 240 -912 0
w 208 -816 240 -816 0
w 144 -1056 -832 -1056 0
w -832 -912 -832 -1056 0
I -1248 -80 -1344 -80 0 0.5 5
w -832 -816 -1424 -816 0
w -1424 -384 -1424 -816 0
150 464 -912 336 -912 0 3 0 5
R 464 -928 528 -928 1 2 100 2.5 2.5 0 0.5
w 464 -912 496 -912 0
w 496 -912 496 -176 0
L -1248 -80 -1248 -32 0 1 false 5 0
w -240 -480 -240 -464 0
w -240 -464 -240 -432 0
w -240 -432 -240 -400 0
w -144 -464 -144 -528 0
w -144 -464 160 -464 0
w -144 -560 -144 -592 0
w -144 -528 -144 -560 0
w 464 -896 464 -736 0
I 464 -592 464 -736 0 0.5 5
w 464 -592 464 -400 0
w -1344 -80 -1424 -80 0
w -1424 -384 -1424 -80 0
154 352 -400 464 -400 0 2 5 5
w 336 -384 352 -384 0
w 224 -416 352 -416 0
w 224 -416 224 -400 0
w 224 672 224 688 0
w 224 672 352 672 0
w 336 704 352 704 0
154 352 688 464 688 0 2 5 5
w 464 496 464 688 0
I 464 496 464 352 0 0.5 5
w -144 560 -144 528 0
w -144 528 -144 496 0
w -144 624 160 624 0
w -144 624 -144 560 0
w -240 656 -240 688 0
w -240 624 -240 656 0
w -240 608 -240 624 0
w 416 32 496 32 0
R 480 112 544 112 1 2 100 2.5 2.5 0 0.5
150 416 48 336 48 0 3 0 5
w -832 272 -1424 272 0
w -832 176 -832 32 0
w 144 32 -832 32 0
w 208 272 240 272 0
w 144 176 240 176 0
w -736 176 -640 176 0
w -736 208 -672 208 0
w -704 240 -736 240 0
w -1424 704 336 704 0
w 336 272 336 704 0
g 96 592 80 592 0
w -144 496 96 496 0
w 224 688 -240 688 0
w 224 624 224 672 0
w 192 656 -240 656 0
w 192 624 192 656 0
w -240 624 -144 624 0
w -144 560 96 560 0
w -144 528 96 528 0
157 96 496 208 496 0 7 0 0
w 208 272 208 448 0
w -736 272 -736 464 0
153 -240 464 -240 608 0 8 5 5
w -256 416 -640 416 0
w -256 464 -256 416 0
w -272 432 -672 432 0
w -272 464 -272 432 0
w -288 448 -704 448 0
w -288 464 -288 448 0
w -224 416 144 416 0
w -224 464 -224 416 0
w -208 432 176 432 0
w -208 464 -208 432 0
w -192 448 208 448 0
w -192 464 -192 448 0
w -176 464 240 464 0
w -304 464 -736 464 0
w -640 176 -640 416 0
w -672 208 -672 432 0
w -704 240 -704 448 0
w 176 208 240 208 0
w 176 240 192 240 0
w 240 240 240 464 0
w 176 208 176 432 0
w 144 176 144 416 0
150 144 128 144 32 0 2 0 5
w -672 208 -640 208 0
w -704 240 -640 240 0
w -640 272 -736 272 0
L -832 240 -896 240 0 1 false 5 0
164 -832 176 -672 176 4 4 0 0 0 0 false 2
w 160 272 208 272 0
L 336 240 416 240 0 1 false 5 0
w 128 176 144 176 0
w 160 272 160 128 0
w 128 176 128 128 0
157 -384 176 -336 176 0 7 0 0
w 96 272 160 272 0
w 96 240 176 240 0
w 96 208 176 208 0
w 96 176 128 176 0
164 240 48 400 48 1028 4 0 0 0 0 false 10
w -224 368 -224 304 0
w -224 368 -32 368 0
w -32 336 -192 336 0
w -192 304 -192 336 0
w -160 304 -32 304 0
w -96 272 -32 272 0
w -96 240 -32 240 0
w -96 208 -32 208 0
w -96 176 -32 176 0
197 -32 176 -16 176 1024
157 -256 176 -112 176 1024 7 0 0
w -640 176 -592 176 0
w -256 368 -464 368 0
w -256 304 -256 368 0
w -288 304 -288 336 0
w -464 336 -288 336 0
w -464 304 -320 304 0
w -464 272 -384 272 0
w -464 240 -384 240 0
w -464 208 -384 208 0
w -464 176 -384 176 0
w -640 272 -592 272 0
w -640 240 -592 240 0
w -640 208 -592 208 0
197 -592 176 -576 176 0
w -1424 -80 -1424 272 0
w -1424 272 -1424 704 0
w 496 32 496 736 0
w 496 736 -944 736 0
w -1120 -144 -944 -144 0
w -944 -144 -944 736 0
164 240 176 400 176 1028 4 0 0 0 0 false 5
150 416 176 336 176 0 2 0 5
w 240 48 96 48 0
w 96 48 96 176 0
w 240 80 176 80 0
w 176 80 176 208 0
w 240 112 208 112 0
w 208 112 208 240 0
w 192 240 208 240 0
w 208 240 240 240 0
w 240 144 240 272 0
L 336 112 416 112 0 1 false 5 0
w 336 144 336 272 0
w 272 -112 96 -112 0
w 96 -112 96 48 0
w 176 80 176 -96 0
w 176 -96 272 -96 0
w 208 112 208 -64 0
w 208 -64 272 -64 0
w 240 144 240 -48 0
w 240 -48 272 -48 0
w 384 -80 448 -80 0
w 480 64 480 112 0
w 480 112 480 160 0
w 480 160 416 160 0
w 480 64 416 64 0
w 416 48 464 48 0
w 464 48 464 352 0
w 416 192 448 192 0
w 448 192 448 -80 0
152 272 -80 384 -80 0 4 0 5
x -319 -962 -176 -959 4 24 10\sMINUTOS
x -322 128 -179 131 4 24 15\sMINUTOS
x -2271 -978 -2128 -975 4 24 30\sMINUTOS
w -1728 -432 -1728 -416 0
w -1728 -432 -1600 -432 0
w -1616 -400 -1600 -400 0
154 -1600 -416 -1488 -416 0 2 5 5
w -1488 -608 -1488 -416 0
I -1488 -608 -1488 -752 0 0.5 5
w -1488 -912 -1488 -752 0
w -2096 -544 -2096 -576 0
w -2096 -576 -2096 -608 0
w -2096 -480 -1792 -480 0
w -2096 -480 -2096 -544 0
w -2192 -448 -2192 -416 0
w -2192 -480 -2192 -448 0
w -2192 -496 -2192 -480 0
w -1456 -928 -1456 32 0
w -1488 -928 -1456 -928 0
R -1488 -944 -1424 -944 1 2 100 2.5 2.5 0 0.5
150 -1488 -928 -1616 -928 0 3 0 5
w -2784 -832 -2784 -400 0
w -2784 -928 -2784 -1072 0
w -1808 -1072 -2784 -1072 0
w -1744 -832 -1712 -832 0
w -1808 -928 -1712 -928 0
w -2688 -928 -2592 -928 0
w -2688 -896 -2624 -896 0
w -2656 -864 -2688 -864 0
w -2784 -400 -1616 -400 0
w -1616 -832 -1616 -400 0
g -1856 -512 -1872 -512 0
w -2096 -608 -1856 -608 0
w -1728 -416 -2192 -416 0
w -1728 -480 -1728 -432 0
w -1760 -448 -2192 -448 0
w -1760 -480 -1760 -448 0
w -2192 -480 -2096 -480 0
w -2096 -544 -1856 -544 0
w -2096 -576 -1856 -576 0
157 -1856 -608 -1744 -608 0 7 0 0
w -1744 -832 -1744 -656 0
w -2688 -832 -2688 -640 0
153 -2192 -640 -2192 -496 0 8 5 5
w -2208 -688 -2592 -688 0
w -2208 -640 -2208 -688 0
w -2224 -672 -2624 -672 0
w -2224 -640 -2224 -672 0
w -2240 -656 -2656 -656 0
w -2240 -640 -2240 -656 0
w -2176 -688 -1808 -688 0
w -2176 -640 -2176 -688 0
w -2160 -672 -1776 -672 0
w -2160 -640 -2160 -672 0
w -2144 -656 -1744 -656 0
w -2144 -640 -2144 -656 0
w -2128 -640 -1712 -640 0
w -2256 -640 -2688 -640 0
w -2592 -928 -2592 -688 0
w -2624 -896 -2624 -672 0
w -2656 -864 -2656 -656 0
w -1776 -896 -1712 -896 0
w -1776 -864 -1712 -864 0
w -1712 -864 -1712 -640 0
w -1776 -896 -1776 -672 0
w -1808 -928 -1808 -688 0
150 -1808 -976 -1808 -1072 0 2 0 5
w -2624 -896 -2592 -896 0
w -2656 -864 -2592 -864 0
w -2592 -832 -2688 -832 0
L -2784 -864 -2848 -864 0 1 false 5 0
164 -2784 -928 -2624 -928 4 4 0 0 0 0 false 3
w -1792 -832 -1744 -832 0
L -1616 -864 -1536 -864 0 1 false 5 0
w -1824 -928 -1808 -928 0
w -1792 -832 -1792 -976 0
w -1824 -928 -1824 -976 0
157 -2336 -928 -2288 -928 0 7 0 0
w -1856 -832 -1792 -832 0
w -1856 -864 -1776 -864 0
w -1856 -896 -1776 -896 0
w -1856 -928 -1824 -928 0
164 -1712 -928 -1552 -928 1028 4 0 0 0 0 false 10
w -2176 -736 -2176 -800 0
w -2176 -736 -1984 -736 0
w -1984 -768 -2144 -768 0
w -2144 -800 -2144 -768 0
w -2112 -800 -1984 -800 0
w -2048 -832 -1984 -832 0
w -2048 -864 -1984 -864 0
w -2048 -896 -1984 -896 0
w -2048 -928 -1984 -928 0
197 -1984 -928 -1968 -928 1024
157 -2208 -928 -2064 -928 1024 7 0 0
w -2592 -928 -2544 -928 0
w -2208 -736 -2416 -736 0
w -2208 -800 -2208 -736 0
w -2240 -800 -2240 -768 0
w -2416 -768 -2240 -768 0
w -2416 -800 -2272 -800 0
w -2416 -832 -2336 -832 0
w -2416 -864 -2336 -864 0
w -2416 -896 -2336 -896 0
w -2416 -928 -2336 -928 0
w -2592 -832 -2544 -832 0
w -2592 -864 -2544 -864 0
w -2592 -896 -2544 -896 0
197 -2544 -928 -2528 -928 0
w -1456 32 -992 32 0
w -1120 -112 -992 -112 0
w -992 -112 -992 32 0
w -1120 -80 -1040 -80 0
w -1040 -80 -1040 160 0
w -1616 -400 -1616 -384 0
w -1616 -384 -1424 -384 0
w -2192 -992 -2192 -976 0
w -1648 704 -1424 704 0
w -1648 688 -1648 704 0
197 -2576 160 -2560 160 0
w -2624 192 -2576 192 0
w -2624 224 -2576 224 0
w -2624 256 -2576 256 0
w -2448 160 -2368 160 0
w -2448 192 -2368 192 0
w -2448 224 -2368 224 0
w -2448 256 -2368 256 0
w -2448 288 -2304 288 0
w -2448 320 -2272 320 0
w -2272 288 -2272 320 0
w -2240 288 -2240 352 0
w -2240 352 -2448 352 0
w -2624 160 -2576 160 0
157 -2240 160 -2096 160 1024 7 0 0
197 -2016 160 -2000 160 1024
w -2080 160 -2016 160 0
w -2080 192 -2016 192 0
w -2080 224 -2016 224 0
w -2080 256 -2016 256 0
w -2144 288 -2016 288 0
w -2176 288 -2176 320 0
w -2016 320 -2176 320 0
w -2208 352 -2016 352 0
w -2208 352 -2208 288 0
164 -1744 160 -1584 160 1028 4 0 5 5 5 false 10
w -1888 160 -1856 160 0
w -1888 192 -1808 192 0
w -1888 224 -1808 224 0
w -1888 256 -1824 256 0
157 -2368 160 -2320 160 0 7 0 0
w -1856 160 -1856 112 0
w -1824 256 -1824 112 0
w -1856 160 -1840 160 0
L -1648 224 -1568 224 0 1 false 5 0
w -1824 256 -1776 256 0
164 -2816 160 -2656 160 4 4 0 0 0 5 false 2
L -2816 224 -2880 224 0 1 false 5 0
w -2624 256 -2720 256 0
w -2688 224 -2624 224 0
w -2656 192 -2624 192 0
150 -1840 112 -1840 16 0 2 0 5
w -1840 160 -1840 400 0
w -1808 192 -1808 416 0
w -1744 224 -1744 448 0
w -1808 224 -1744 224 0
w -1808 192 -1744 192 0
w -2688 224 -2688 432 0
w -2656 192 -2656 416 0
w -2624 160 -2624 400 0
w -2288 448 -2720 448 0
w -2160 448 -1744 448 0
w -2176 448 -2176 432 0
w -2176 432 -1776 432 0
w -2192 448 -2192 416 0
w -2192 416 -1808 416 0
w -2208 448 -2208 400 0
w -2208 400 -1840 400 0
w -2272 448 -2272 432 0
w -2272 432 -2688 432 0
w -2256 448 -2256 416 0
w -2256 416 -2656 416 0
w -2240 448 -2240 400 0
w -2240 400 -2624 400 0
153 -2224 448 -2224 592 0 8 0 5
w -2720 256 -2720 448 0
w -1776 256 -1776 432 0
157 -1888 480 -1776 480 0 7 0 0
w -2128 512 -1888 512 0
w -2128 544 -1888 544 0
w -2224 608 -2128 608 0
w -1792 608 -1792 640 0
w -1792 640 -2224 640 0
w -1760 608 -1760 656 0
w -1760 672 -2224 672 0
w -2128 480 -1888 480 0
g -1888 576 -1904 576 0
w -1648 256 -1648 688 0
w -2816 688 -1648 688 0
w -2688 224 -2720 224 0
w -2720 192 -2656 192 0
w -2720 160 -2624 160 0
w -1840 160 -1744 160 0
w -1776 256 -1744 256 0
w -1840 16 -2816 16 0
w -2816 160 -2816 16 0
w -2816 256 -2816 688 0
150 -1520 160 -1648 160 0 3 0 5
R -1520 144 -1456 144 1 2 100 2.5 2.5 0 0.5
w -2224 592 -2224 608 0
w -2224 608 -2224 640 0
w -2224 640 -2224 672 0
w -2128 608 -2128 544 0
w -2128 608 -1824 608 0
w -2128 512 -2128 480 0
w -2128 544 -2128 512 0
w -1520 176 -1520 336 0
I -1520 480 -1520 336 0 0.5 5
w -1520 480 -1520 672 0
154 -1632 672 -1520 672 0 2 0 5
w -1648 688 -1632 688 0
w -1760 656 -1632 656 0
w -1760 656 -1760 672 0
x -2303 110 -2160 113 4 24 20\sMINUTOS
w -1520 160 -1040 160 0
